0
0
0
0
0
70
70
0
0
0
85
75
65
50
50
50
0
0
0
0
0
70
65
0
0
0
0
0
75
55
50
50
0
0
0
0
0
65
75
0
0
0
0
0
0
60
50
50
0
0
0
0
75
60
70
0
0
0
0
0
0
65
50
50
0
0
0
0
65
50
65
75
100
0
0
0
0
75
60
50
0
0
0
0
65
55
55
50
80
0
0
0
0
0
65
50
0
0
75
60
60
0
65
60
70
0
0
0
0
0
90
82
65
65
60
50
55
55
65
0
70
75
0
0
0
0
0
106
50
50
50
50
50
50
60
60
70
75
85
90
0
0
0
122
60
60
60
50
50
55
55
55
65
0
0
0
0
0
0
98
60
0
60
55
55
60
0
55
75
0
0
0
0
0
0
82
60
60
60
55
0
60
55
55
70
0
0
0
0
0
0
66
50
50
50
55
55
55
55
60
80
0
0
0
0
0
70
58
50
50
50
50
50
50
60
0
0
0
0
0
0
0
65
50
50
50
50
50
50
50
65
0
0
0
0
0
0
0
60
50
50
50
50
50
50
50
60
0
0
0
0
75
70
65
55
0
